
05245555
292112215005 02
212112215 500 03
292112215 00502
6218706 0 0 72
01211 02 1540 02 5
565202 00 054402
54540085
203110305 40052
602414221544 00
292112215 00052
293112314 00553
10211221544402
293112215000025
62 05504700
550455836
7480 5 70
252112215 00053

2921123150105 03
2 9211 2215 00553
2 12 110215 00052
2 9211 2215 00003
212112215 00003
52023

29311231
25

72151

02 4502
061 0
296 072101 550
600059 5027 3 6
296072101 555
5224046 5 24 9
2 16 07210104 50
422545224
560552246
02226 2445
1
2
90

40252 5 440
96 072151 405
4009 10115
80 5


524050 8
2960721012455
56 50070 3 5
266 072101
66667 210125 55 5
5008400 00 2
216 072101 400
50550 82 26
296572101 505